2 0.54921875 0.9234375 0.0140625 0.02578125
0 0.46484375 0.83203125 0.0109375 0.01953125
2 0.51640625 0.921875 0.01328125 0.02578125
2 0.4390625 0.90390625 0.01328125 0.025
2 0.53125 0.8515625 0.0109375 0.02109375
2 0.56015625 0.77109375 0.00859375 0.0140625
0 0.48984375 0.8515625 0.01171875 0.0203125
2 0.3859375 0.89765625 0.01328125 0.025
0 0.6375 0.8453125 0.01171875 0.0203125
0 0.6515625 0.89296875 0.01328125 0.02421875
0 0.4015625 0.79921875 0.00859375 0.01640625
3 0.575 0.71484375 0.00703125 0.0109375