0 0.40078125 0.940625 0.01484375 0.0265625
2 0.459375 0.9421875 0.0140625 0.02890625
2 0.48359375 0.8625 0.01171875 0.0234375
0 0.41796875 0.85546875 0.0125 0.0234375
2 0.53046875 0.91953125 0.01328125 0.02578125
0 0.38671875 0.7796875 0.009375 0.01640625
0 0.4234375 0.77421875 0.009375 0.01796875
0 0.43203125 0.746875 0.00859375 0.01484375
2 0.45546875 0.7390625 0.00859375 0.01484375
2 0.4828125 0.79296875 0.00859375 0.01640625
2 0.45703125 0.77578125 0.00859375 0.015625
0 0.4765625 0.753125 0.0109375 0.01875