2 0.45078125 0.9234375 0.01328125 0.02578125
0 0.515625 0.85703125 0.0109375 0.02109375
2 0.48359375 0.92109375 0.01328125 0.02578125
0 0.3625 0.84453125 0.01171875 0.02109375
0 0.59765625 0.7984375 0.009375 0.01796875
2 0.440625 0.77109375 0.00859375 0.01796875
2 0.46484375 0.85078125 0.01171875 0.0203125
2 0.5609375 0.9046875 0.01328125 0.025
2 0.61328125 0.8984375 0.01328125 0.025
0 0.34921875 0.89375 0.01328125 0.02421875
0 0.53125 0.84140625 0.01171875 0.0203125
3 0.42421875 0.715625 0.00703125 0.0140625