2 0.54921875 0.92421875 0.0140625 0.028125
0 0.6375 0.84609375 0.01171875 0.02109375
2 0.51640625 0.9234375 0.01328125 0.02578125
2 0.53515625 0.8515625 0.01171875 0.02109375
0 0.65078125 0.89375 0.01328125 0.02421875
2 0.56015625 0.77109375 0.01015625 0.01796875
0 0.4859375 0.85625 0.0109375 0.02109375
2 0.4390625 0.90546875 0.01328125 0.025
0 0.46953125 0.84140625 0.01015625 0.01875
0 0.40234375 0.79921875 0.01015625 0.01640625
3 0.575 0.715625 0.0078125 0.0140625
2 0.38671875 0.8984375 0.0125 0.02421875