0 0.59921875 0.940625 0.01484375 0.0265625
2 0.51640625 0.86171875 0.01171875 0.021875
2 0.5390625 0.9375 0.0140625 0.028125
0 0.58203125 0.853125 0.0125 0.02109375
0 0.6140625 0.77890625 0.009375 0.01640625
2 0.54296875 0.77421875 0.00859375 0.01640625
0 0.56796875 0.74609375 0.00859375 0.01484375
0 0.57578125 0.77265625 0.00859375 0.015625
2 0.54375 0.7375 0.00859375 0.015625
2 0.46875 0.915625 0.01328125 0.025
2 0.51796875 0.790625 0.00859375 0.01640625
0 0.52578125 0.75234375 0.009375 0.01796875