0 0.5984375 0.940625 0.01484375 0.028125
0 0.58203125 0.85390625 0.0125 0.0234375
0 0.6140625 0.77890625 0.009375 0.01640625
0 0.56796875 0.746875 0.00859375 0.01484375
0 0.57578125 0.7734375 0.00859375 0.01484375
2 0.51796875 0.79140625 0.00859375 0.01640625
2 0.5171875 0.8640625 0.0109375 0.01953125
2 0.53984375 0.94375 0.0140625 0.02578125
2 0.4703125 0.91953125 0.0140625 0.02578125
2 0.54375 0.77578125 0.00859375 0.01640625
2 0.54453125 0.73984375 0.00859375 0.0140625
0 0.525 0.75234375 0.00859375 0.01484375