2 0.4515625 0.9234375 0.01328125 0.028125
2 0.5609375 0.90390625 0.01328125 0.025
0 0.3625 0.8453125 0.01171875 0.021875
2 0.48359375 0.92109375 0.01328125 0.02578125
0 0.3484375 0.89296875 0.01328125 0.02421875
2 0.46484375 0.8515625 0.01015625 0.01953125
2 0.440625 0.76875 0.009375 0.01796875
2 0.61328125 0.8984375 0.0125 0.02421875
0 0.5296875 0.84609375 0.01171875 0.021875
0 0.59765625 0.79921875 0.009375 0.01640625
0 0.53515625 0.83125 0.01015625 0.01875
0 0.46171875 0.896875 0.01171875 0.021875
3 0.42421875 0.71484375 0.00859375 0.01328125