0 0.40078125 0.940625 0.01484375 0.0265625
2 0.48359375 0.86171875 0.01171875 0.021875
2 0.4609375 0.9375 0.0140625 0.028125
0 0.41796875 0.853125 0.0125 0.02109375
0 0.3859375 0.77890625 0.009375 0.01640625
2 0.45703125 0.77421875 0.00859375 0.01640625
0 0.43203125 0.74609375 0.00859375 0.01484375
0 0.42421875 0.77265625 0.00859375 0.015625
2 0.45625 0.7375 0.00859375 0.015625
2 0.53125 0.915625 0.01328125 0.025
2 0.48203125 0.790625 0.00859375 0.01640625
0 0.47421875 0.75234375 0.009375 0.01796875