2 0.54921875 0.9234375 0.01328125 0.02578125
0 0.6375 0.84609375 0.01171875 0.02109375
2 0.52578125 0.85390625 0.01171875 0.021875
2 0.51640625 0.9234375 0.01328125 0.02578125
2 0.4390625 0.90390625 0.01328125 0.025
2 0.56015625 0.76953125 0.009375 0.01796875
0 0.46484375 0.83125 0.01015625 0.0203125
2 0.38671875 0.89765625 0.01328125 0.025
0 0.496875 0.85546875 0.01171875 0.0203125
0 0.65078125 0.89375 0.01328125 0.02421875
0 0.4015625 0.79921875 0.01015625 0.01640625
3 0.57578125 0.715625 0.00703125 0.01328125