0 0.59921875 0.940625 0.01484375 0.028125
2 0.540625 0.9421875 0.0140625 0.02890625
2 0.5171875 0.86171875 0.01171875 0.0234375
0 0.58203125 0.85390625 0.0125 0.0234375
0 0.56796875 0.74765625 0.00859375 0.015625
0 0.61328125 0.7796875 0.009375 0.01640625
0 0.57578125 0.77421875 0.009375 0.01796875
2 0.46953125 0.91875 0.01328125 0.02578125
2 0.5421875 0.775 0.00859375 0.01640625
2 0.5453125 0.73671875 0.00859375 0.01484375
2 0.5171875 0.790625 0.00859375 0.01640625
0 0.52421875 0.753125 0.01015625 0.01875