0 0.5984375 0.93984375 0.01484375 0.028125
2 0.5171875 0.86171875 0.01171875 0.021875
2 0.53984375 0.94140625 0.0140625 0.02890625
0 0.58203125 0.85390625 0.0125 0.0234375
2 0.54296875 0.77421875 0.00859375 0.015625
0 0.57578125 0.7734375 0.009375 0.01796875
0 0.6140625 0.77890625 0.009375 0.01640625
0 0.56796875 0.746875 0.00859375 0.01484375
2 0.54453125 0.73828125 0.00859375 0.015625
2 0.5171875 0.79140625 0.00859375 0.01640625
2 0.46953125 0.91875 0.01328125 0.025
0 0.525 0.753125 0.00859375 0.01640625