2 0.38671875 0.89765625 0.0125 0.025
2 0.4390625 0.9046875 0.01328125 0.025
0 0.6375 0.8453125 0.01171875 0.021875
2 0.54921875 0.92265625 0.01484375 0.028125
2 0.51640625 0.92265625 0.01328125 0.025
0 0.4703125 0.846875 0.0109375 0.02109375
0 0.65078125 0.89296875 0.01328125 0.02421875
0 0.40234375 0.7984375 0.009375 0.015625
0 0.54453125 0.9015625 0.01328125 0.02421875
0 0.46484375 0.83125 0.01015625 0.01875
3 0.575 0.71484375 0.0078125 0.01328125
2 0.53515625 0.85234375 0.01015625 0.01953125
2 0.5609375 0.77265625 0.009375 0.01796875