2 0.54921875 0.9234375 0.0140625 0.028125
0 0.63671875 0.84609375 0.0125 0.021875
2 0.51640625 0.9234375 0.01328125 0.02578125
0 0.65078125 0.89375 0.01328125 0.02421875
2 0.53515625 0.85078125 0.01171875 0.0203125
2 0.4390625 0.90546875 0.01328125 0.025
2 0.56015625 0.77109375 0.00859375 0.01484375
0 0.484375 0.85703125 0.0109375 0.02109375
0 0.4015625 0.79921875 0.01015625 0.01796875
0 0.4703125 0.8453125 0.01171875 0.021875
2 0.38671875 0.8984375 0.0125 0.025
0 0.46484375 0.83125 0.01171875 0.01953125