2 0.54921875 0.92421875 0.0140625 0.02578125
0 0.6375 0.8453125 0.01171875 0.021875
2 0.51640625 0.9234375 0.01328125 0.02578125
2 0.53515625 0.8515625 0.01171875 0.02109375
0 0.65078125 0.89375 0.01328125 0.02421875
2 0.559375 0.76953125 0.009375 0.01875
2 0.4390625 0.90390625 0.01328125 0.025
0 0.48515625 0.85703125 0.01171875 0.02109375
0 0.4703125 0.85078125 0.0109375 0.01875
0 0.40234375 0.79921875 0.009375 0.01640625
2 0.38671875 0.89765625 0.01328125 0.025
3 0.575 0.715625 0.0078125 0.01328125
0 0.465625 0.83046875 0.0125 0.0234375