2 0.54921875 0.92421875 0.01328125 0.02578125
0 0.6375 0.84609375 0.01171875 0.02109375
0 0.484375 0.85703125 0.0109375 0.02109375
2 0.53515625 0.8515625 0.01171875 0.0203125
2 0.51640625 0.92421875 0.01328125 0.02578125
2 0.5609375 0.77265625 0.009375 0.01796875
2 0.4390625 0.90546875 0.01328125 0.025
0 0.65078125 0.89375 0.01328125 0.02421875
0 0.40234375 0.79921875 0.009375 0.01796875
2 0.38671875 0.8984375 0.01328125 0.025
0 0.47109375 0.846875 0.01171875 0.02109375
3 0.575 0.715625 0.0078125 0.01328125
0 0.465625 0.834375 0.0109375 0.02265625