2 0.5484375 0.9234375 0.01328125 0.02578125
2 0.4390625 0.90390625 0.01328125 0.025
2 0.38671875 0.89765625 0.01328125 0.025
0 0.6375 0.84609375 0.01171875 0.02109375
0 0.65078125 0.89375 0.01328125 0.02421875
0 0.484375 0.85703125 0.01171875 0.02109375
0 0.4015625 0.79921875 0.01015625 0.01640625
0 0.46953125 0.84453125 0.01171875 0.02109375
3 0.575 0.715625 0.0078125 0.01484375
2 0.515625 0.9234375 0.0125 0.02421875
2 0.534375 0.8515625 0.01171875 0.02109375
2 0.56015625 0.771875 0.009375 0.01875
0 0.46640625 0.83203125 0.0125 0.02265625