0 0.59921875 0.940625 0.01484375 0.0265625
2 0.540625 0.940625 0.0140625 0.02890625
2 0.4703125 0.91875 0.0140625 0.0265625
0 0.58203125 0.85390625 0.0125 0.0234375
2 0.5171875 0.86171875 0.01171875 0.0234375
2 0.54453125 0.740625 0.00859375 0.0140625
0 0.61328125 0.7796875 0.009375 0.01640625
0 0.56796875 0.746875 0.00859375 0.0140625
2 0.54375 0.77421875 0.009375 0.01640625
0 0.57578125 0.7734375 0.00859375 0.015625
0 0.52421875 0.75390625 0.0078125 0.01796875
2 0.51796875 0.79140625 0.00859375 0.01796875