2 0.5609375 0.90546875 0.01328125 0.025
2 0.45078125 0.92421875 0.01328125 0.02578125
2 0.48359375 0.921875 0.01328125 0.025
2 0.61328125 0.8984375 0.0125 0.02421875
0 0.34921875 0.89375 0.01328125 0.02421875
0 0.515625 0.85703125 0.0109375 0.02109375
0 0.3625 0.84453125 0.01171875 0.02109375
0 0.5984375 0.79921875 0.01015625 0.01796875
0 0.5296875 0.84453125 0.01171875 0.021875
2 0.46484375 0.853125 0.01171875 0.02109375
2 0.43984375 0.77265625 0.00859375 0.01484375
0 0.53515625 0.8328125 0.0109375 0.0265625