0 0.59921875 0.9390625 0.01484375 0.0265625
2 0.53984375 0.94140625 0.0140625 0.028125
2 0.5171875 0.8625 0.01171875 0.0234375
0 0.58125 0.85390625 0.0125 0.0234375
0 0.61328125 0.7796875 0.009375 0.01640625
0 0.5671875 0.746875 0.0078125 0.0140625
0 0.57578125 0.77421875 0.00859375 0.01640625
2 0.46953125 0.91953125 0.01328125 0.025
0 0.525 0.7515625 0.009375 0.01796875
2 0.54296875 0.77421875 0.00859375 0.015625
2 0.51796875 0.7921875 0.00859375 0.01796875
2 0.54375 0.7390625 0.00703125 0.01328125