2 0.45078125 0.92421875 0.0140625 0.02578125
0 0.3625 0.8453125 0.01171875 0.021875
2 0.48359375 0.9234375 0.01328125 0.02578125
2 0.46484375 0.8515625 0.01171875 0.02109375
0 0.34921875 0.89375 0.01328125 0.02421875
2 0.440625 0.76953125 0.009375 0.01875
2 0.5609375 0.90390625 0.01328125 0.025
0 0.51484375 0.85703125 0.01171875 0.02109375
0 0.5296875 0.85078125 0.0109375 0.01875
0 0.59765625 0.79921875 0.009375 0.01640625
2 0.61328125 0.89765625 0.01328125 0.025
3 0.425 0.715625 0.0078125 0.01328125
0 0.534375 0.83046875 0.0125 0.0234375