2 0.45078125 0.9234375 0.01328125 0.02578125
0 0.3625 0.8453125 0.01171875 0.021875
2 0.48359375 0.9234375 0.01328125 0.02578125
2 0.46484375 0.85078125 0.01171875 0.02109375
2 0.5609375 0.90625 0.01328125 0.025
2 0.61328125 0.9 0.0125 0.02421875
2 0.43984375 0.77109375 0.00859375 0.01484375
0 0.515625 0.85703125 0.0109375 0.02109375
0 0.34921875 0.89375 0.01328125 0.02421875
0 0.5984375 0.79921875 0.01015625 0.01640625
0 0.53046875 0.84609375 0.01171875 0.02109375
0 0.53515625 0.83203125 0.01015625 0.01953125