2 0.55 0.9234375 0.01328125 0.02578125
2 0.440625 0.90546875 0.01328125 0.025
2 0.3875 0.89921875 0.0125 0.02421875
0 0.72109375 0.92578125 0.02265625 0.04453125
0 0.4703125 0.846875 0.01171875 0.02109375
2 0.5171875 0.92109375 0.01328125 0.02578125
0 0.6375 0.84609375 0.01171875 0.02109375
0 0.65078125 0.89375 0.01328125 0.025
0 0.4015625 0.79921875 0.01015625 0.01640625
0 0.46484375 0.83203125 0.01015625 0.01875
3 0.575 0.715625 0.0078125 0.01328125
2 0.5359375 0.85078125 0.01171875 0.02109375
2 0.56171875 0.7734375 0.009375 0.01796875