2 0.38671875 0.89921875 0.0125 0.02421875
2 0.43984375 0.90546875 0.01328125 0.025
2 0.55 0.92421875 0.01328125 0.02578125
0 0.6375 0.8453125 0.01171875 0.021875
2 0.5171875 0.92109375 0.01328125 0.02421875
0 0.6515625 0.89296875 0.01328125 0.02421875
0 0.484375 0.85703125 0.0109375 0.02109375
0 0.4015625 0.79921875 0.01015625 0.01796875
0 0.46953125 0.84609375 0.0125 0.02109375
0 0.46484375 0.83046875 0.01171875 0.0203125
2 0.5359375 0.85 0.01171875 0.02109375
2 0.5609375 0.771875 0.009375 0.01796875