2 0.45078125 0.9234375 0.0140625 0.02578125
0 0.53515625 0.83203125 0.0109375 0.01953125
2 0.48359375 0.921875 0.01328125 0.02578125
2 0.5609375 0.90390625 0.01328125 0.025
2 0.46875 0.8515625 0.0109375 0.02109375
2 0.43984375 0.77109375 0.00859375 0.0140625
0 0.51015625 0.8515625 0.01171875 0.0203125
2 0.6140625 0.89765625 0.01328125 0.025
0 0.3625 0.8453125 0.01171875 0.0203125
0 0.3484375 0.89296875 0.01328125 0.02421875
0 0.5984375 0.79921875 0.00859375 0.01640625
3 0.425 0.71484375 0.00703125 0.0109375