2 0.5609375 0.90390625 0.01328125 0.025
2 0.4515625 0.925 0.01328125 0.02578125
2 0.61328125 0.8984375 0.0125 0.02421875
2 0.48359375 0.92421875 0.01328125 0.02578125
0 0.3625 0.84453125 0.01171875 0.02109375
0 0.515625 0.85625 0.0109375 0.0203125
0 0.34921875 0.89375 0.01328125 0.02421875
0 0.5296875 0.846875 0.01015625 0.01875
0 0.53515625 0.83125 0.01015625 0.01875
0 0.59765625 0.79921875 0.009375 0.01640625
2 0.46484375 0.85 0.01171875 0.02109375
2 0.43984375 0.77421875 0.00859375 0.01640625