2 0.3875 0.8984375 0.01328125 0.02421875
2 0.43984375 0.90390625 0.01328125 0.025
2 0.55 0.92421875 0.01328125 0.02578125
0 0.484375 0.85703125 0.0109375 0.02109375
0 0.6375 0.84453125 0.01171875 0.02109375
0 0.65078125 0.89375 0.01328125 0.02421875
2 0.51796875 0.921875 0.01328125 0.025
0 0.4015625 0.79921875 0.01015625 0.01640625
0 0.46953125 0.8453125 0.01171875 0.0203125
0 0.46484375 0.83125 0.01015625 0.01875
3 0.57578125 0.71640625 0.00703125 0.0140625
2 0.5359375 0.85 0.01015625 0.0203125
2 0.56015625 0.77109375 0.00859375 0.01796875