0 0.59921875 0.940625 0.01484375 0.0265625
2 0.5171875 0.86171875 0.01171875 0.021875
2 0.540625 0.94140625 0.0140625 0.02890625
0 0.58203125 0.85390625 0.0125 0.021875
0 0.5765625 0.77578125 0.00859375 0.015625
0 0.5671875 0.746875 0.0078125 0.0140625
0 0.61328125 0.7796875 0.009375 0.01640625
2 0.54296875 0.77421875 0.00859375 0.015625
2 0.51796875 0.7921875 0.00859375 0.015625
2 0.54375 0.73828125 0.00859375 0.01484375
2 0.46953125 0.91953125 0.01328125 0.025
0 0.525 0.753125 0.009375 0.01875