2 0.38671875 0.9 0.01328125 0.02421875
2 0.43984375 0.90546875 0.01328125 0.025
2 0.54921875 0.925 0.01328125 0.02578125
0 0.6375 0.84609375 0.01171875 0.02109375
2 0.51640625 0.9234375 0.01328125 0.02578125
2 0.56015625 0.77109375 0.00859375 0.0140625
0 0.65078125 0.89375 0.01328125 0.02421875
0 0.4015625 0.79921875 0.01015625 0.01640625
0 0.4703125 0.846875 0.0109375 0.02109375
0 0.46484375 0.83125 0.01015625 0.01875
3 0.57578125 0.715625 0.00703125 0.01328125
2 0.53515625 0.85234375 0.01171875 0.0203125