0 0.59921875 0.940625 0.01484375 0.028125
2 0.51640625 0.8625 0.01171875 0.0234375
2 0.53984375 0.9421875 0.0140625 0.02890625
0 0.58203125 0.85390625 0.0125 0.021875
2 0.46953125 0.91953125 0.0140625 0.0265625
0 0.6140625 0.77890625 0.009375 0.015625
0 0.57578125 0.7734375 0.00859375 0.01484375
0 0.56796875 0.746875 0.00859375 0.01484375
2 0.51796875 0.79140625 0.00859375 0.01640625
2 0.54453125 0.7375 0.00859375 0.01484375
2 0.54296875 0.77421875 0.00859375 0.015625
0 0.525 0.75390625 0.01015625 0.021875