0 0.40078125 0.940625 0.01484375 0.028125
2 0.4828125 0.8625 0.01171875 0.0234375
2 0.46015625 0.9421875 0.0140625 0.02890625
0 0.41796875 0.85390625 0.0125 0.0234375
0 0.38671875 0.7796875 0.009375 0.01640625
0 0.42421875 0.775 0.009375 0.01640625
0 0.43203125 0.746875 0.00859375 0.015625
2 0.45703125 0.77578125 0.00859375 0.01796875
2 0.45546875 0.73828125 0.00859375 0.01484375
2 0.48203125 0.7921875 0.00859375 0.015625
2 0.53046875 0.91953125 0.01328125 0.02578125
0 0.475 0.75234375 0.009375 0.01953125