0 0.40078125 0.940625 0.01484375 0.028125
2 0.48359375 0.8625 0.01171875 0.0234375
2 0.46015625 0.9421875 0.0140625 0.02890625
0 0.41796875 0.85390625 0.0125 0.021875
2 0.53046875 0.91953125 0.0140625 0.0265625
0 0.3859375 0.77890625 0.009375 0.015625
0 0.42421875 0.7734375 0.00859375 0.01484375
0 0.43203125 0.746875 0.00859375 0.01484375
2 0.48203125 0.79140625 0.00859375 0.01640625
2 0.45546875 0.7375 0.00859375 0.01484375
2 0.45703125 0.77421875 0.00859375 0.015625
0 0.475 0.75390625 0.01015625 0.021875