2 0.54921875 0.9234375 0.01328125 0.02578125
0 0.484375 0.85703125 0.0109375 0.02109375
2 0.51640625 0.92109375 0.01328125 0.02578125
0 0.6375 0.84453125 0.01171875 0.02109375
0 0.40234375 0.7984375 0.009375 0.01796875
2 0.559375 0.77109375 0.00859375 0.01796875
2 0.53515625 0.85078125 0.01171875 0.0203125
2 0.4390625 0.9046875 0.01328125 0.025
2 0.38671875 0.8984375 0.01328125 0.025
0 0.65078125 0.89375 0.01328125 0.02421875
0 0.46875 0.84140625 0.01171875 0.0203125
3 0.57578125 0.715625 0.00703125 0.0140625