2 0.45078125 0.92421875 0.01328125 0.02578125
0 0.3625 0.84453125 0.01171875 0.02109375
2 0.5609375 0.90546875 0.01328125 0.025
2 0.46484375 0.85078125 0.01171875 0.02109375
0 0.34921875 0.89296875 0.01328125 0.02421875
2 0.43984375 0.771875 0.009375 0.01796875
2 0.61328125 0.8984375 0.01328125 0.025
2 0.48359375 0.921875 0.01328125 0.025
0 0.515625 0.85703125 0.0109375 0.02109375
0 0.5984375 0.79921875 0.01015625 0.01796875
0 0.5296875 0.84765625 0.01171875 0.02109375
0 0.534375 0.83203125 0.01171875 0.021875