0 0.59921875 0.93984375 0.01484375 0.028125
2 0.53984375 0.9390625 0.0140625 0.02890625
2 0.5171875 0.8609375 0.01171875 0.0234375
0 0.58203125 0.853125 0.0125 0.0234375
2 0.54375 0.77421875 0.00859375 0.01796875
2 0.46953125 0.9171875 0.01328125 0.0265625
0 0.6140625 0.77890625 0.009375 0.01640625
0 0.5765625 0.77421875 0.00859375 0.01640625
0 0.56796875 0.746875 0.00859375 0.015625
2 0.54453125 0.7375 0.0078125 0.0140625
2 0.51796875 0.790625 0.009375 0.01640625
0 0.52421875 0.753125 0.009375 0.01875