2 0.45078125 0.9234375 0.01328125 0.02578125
0 0.3625 0.84609375 0.01171875 0.02109375
2 0.47421875 0.85390625 0.01171875 0.021875
2 0.48359375 0.9234375 0.01328125 0.02578125
2 0.5609375 0.90390625 0.01328125 0.025
2 0.43984375 0.76953125 0.009375 0.01796875
0 0.53515625 0.83125 0.01015625 0.0203125
2 0.61328125 0.89765625 0.01328125 0.025
0 0.503125 0.85546875 0.01171875 0.0203125
0 0.34921875 0.89375 0.01328125 0.02421875
0 0.5984375 0.79921875 0.01015625 0.01640625
3 0.42421875 0.715625 0.00703125 0.01328125