2 0.45078125 0.92421875 0.01328125 0.02578125
2 0.5609375 0.90390625 0.01328125 0.025
0 0.3625 0.8453125 0.01171875 0.021875
0 0.34921875 0.89375 0.01328125 0.02421875
2 0.46484375 0.8515625 0.01171875 0.02109375
2 0.43984375 0.77265625 0.009375 0.01796875
2 0.61328125 0.8984375 0.01328125 0.025
0 0.5296875 0.846875 0.01171875 0.021875
0 0.5984375 0.79921875 0.01015625 0.01640625
0 0.53515625 0.83203125 0.01015625 0.01953125
3 0.425 0.715625 0.0078125 0.0140625
2 0.48359375 0.921875 0.01328125 0.02578125