2 0.45078125 0.92421875 0.01328125 0.02578125
0 0.3625 0.84609375 0.01171875 0.02109375
0 0.515625 0.85703125 0.0109375 0.02109375
2 0.46484375 0.8515625 0.01171875 0.0203125
2 0.48359375 0.92421875 0.01328125 0.02578125
2 0.4390625 0.77265625 0.009375 0.01796875
2 0.5609375 0.90546875 0.01328125 0.025
0 0.34921875 0.89375 0.01328125 0.02421875
0 0.59765625 0.79921875 0.009375 0.01796875
2 0.61328125 0.8984375 0.01328125 0.025
0 0.52890625 0.846875 0.01171875 0.02109375
3 0.425 0.715625 0.0078125 0.01328125
0 0.534375 0.834375 0.0109375 0.02265625